Sun 0.000295912208287202 0.0 0.0 0.0 0.0 0.0 0.0
Mercury 4.91248045036476e-11 -0.180936397763299 -0.385147512043214 -0.186946626365338 0.0202536935932389 -0.00773490114534313 -0.00623293831111668
Venus 7.24345233264412e-10 0.353683857895012 -0.571732114793733 -0.279571521887592 0.0175395112483742 0.00930788808619176 0.00307674893669492
Earth 8.88769246302608e-10 0.824137420123391 0.509462200362359 0.220903233023091 -0.00990108870586615 0.0130341335464125 0.00565223913525109
Mars 9.54954869555077e-11 1.18050055345426 -0.641235699022141 -0.326064357170515 0.00780844617790429 0.0120318494722293 0.00530714335760668
Jupiter 2.82534582597155e-07 1.61789448364208 -4.5078997844356 -1.97171823063617 0.00707630602337104 0.00255314883766558 0.000921969043533649
Saturn 8.45970607324503e-08 -6.51160967219589 -6.98339235308506 -2.60414973032736 0.00390650223666086 -0.00334762436325148 -0.00155039042288
Uranus 1.29202657962908e-08 -5.39442972255829 -16.7542834486181 -7.26135557045396 0.00375053973389636 -0.00116844828942368 -0.000564972666531907
Neptune 1.52435734788511e-08 0.539531581225625 -27.9945229379515 -11.4718890860437 0.00312669573863622 9.79150978551659e-05 -3.77167939161073e-05
Pluto 2.17509908677485e-12 -24.1125829100828 -17.4114817548338 1.83026912872476 0.00195217553881279 -0.00258133845284901 -0.00139125416536806
Moon 1.09318945547431e-11 -0.000916700704682485 -0.00208234651158971 -0.000947464023403982 0.000555816498728138 -0.000216931881491027 -0.000155036674309473
Ceres-1 1.39644091689994e-13 1.96440618124219 1.95567540977408 0.518043327240071 -0.00755778330776619 0.00539899535441253 0.00407967862458857
Pallas-2 2.98925775566246e-14 3.07529884825795 -0.49203504876891 -0.110484622144644 -0.000471475162175157 0.00893924416963188 -0.00173394873438349
Vesta-4 3.85474809154267e-14 -2.18500468571058 0.707026812726473 0.566887090639003 -0.00312763303822369 -0.0101027695939487 -0.00361009436756682
Iris-7 2.00718481246398e-15 0.851870755627181 1.49109558268409 0.705024164239085 -0.0119465189813299 0.00701981465694446 0.00167774459905371
Bamberga-324 1.42010378899778e-15 -3.46460910885872 0.498315372422226 -0.0949415211476574 -0.00198142751120636 -0.00609367344169696 -0.00419429536882831